  9408
 25344
 55152
 92272
161024
161056
161056
161056
180816
195488
217408
209712
209712
209712
212064
167024
174480
174960
220752
203168
200576
200576
224624
246752
268320
258448
254240
254240
254240
261776
265680
284336
274736
276464
276464
276464
292960
294160
314320
360032
352816
352816
352816
359696
355984
362432
346880
331632
334912
334912
330960
356352
365024
303744
298896
290752
348688
360496
360432
360432
387424
397216
398832
385152
391360
391360
391360
395520
409520
413136
405392
427456
428352
421952
420432
415664
402048
457008
468752
493040
506992
489648
489648
489648
486016
468288
473536
478176
509200
507328
507328
515936
528448
530832
536432
533936
537936
529856
529856
544960
545552
553856
567152
556016
556016
556016
565248
563008
569168
586688
590160
590160
590160
590464
608608
608432
611776
613872
627760
627760
627760
641568
650688
651648
671728
657344
657344
614064
621664
635920
640000
642400
660112
685152
685152
685152
693824
707392
700400
700400
700432
700432
700432
677792
700192
700192
700192
701920
794016
821456
821456
832928
876656
877840
867120
867120
883120
892688
896304
934384
940432
940432
940432
944336
938720
941920
962288
972800
851136
788992
784208
770368
789408
800128
816432
871248
874384
874384
874384
893184
903392
912064
943424
931936
931280
931280
934720
949376
953808
965648
962016
962016
962016
962016
971824
1016736
990720
991328
992800
994608
995360
968656
970416
971632
971824
971968
972064
972592
972592
972592
972592
956640
956656
956768
956896
956896
956928
957056
957088
957888
931504
915360
906320
879568
880320
880400
881040
881040
881040
881104
840320
842064
845776
844160
844992
845888
847216
847744
848304
849264
849312
849312
849568
850064
826240
827024
828240
828976
829504
829808
830464
798096
798096
798240
798880
799712
800832
801152
787056
787232
791648
789952
790208
791120
791680
792640
792944
793488
794160
794416
795072
795568
796016
796256
797440
796144
796464
797328
797776
797872
797328
797600
797824
798128
798448
798624
795168
789760
789984
790224
790432
790720
790960
791104
791328
791632
791792
791952
784912
785024
785216
786352
787552
788176
789072
789328
789408
789664
789920
790064
790176
790368
790544
789616
789792
789936
790160
790224
791824
790560
790784
790912
791072
791200
791280
790192
790224
786176
776992
777568
776976
777696
777968
778144
778288
778816
779456
779824
780160
780608
780752
781344
780400
780864
774080
774496
774624
774864
775056
775152
776032
753728
717104
