 14912
 30464
 51808
 70528
129632
135888
135888
135888
153840
165360
184320
182288
202032
202032
202032
220784
230656
255696
275760
223824
219344
219344
218496
231408
234848
244256
274144
296432
296432
296432
301328
317072
318544
294496
279264
288352
288032
288032
288032
293056
306736
281024
303904
301184
353280
353280
346544
355312
357072
363760
373120
370144
390064
390064
390064
399504
409440
412496
425792
421520
427792
427792
427792
429424
437264
443168
461712
444208
444208
444208
444208
463104
549184
554848
558000
580304
508768
497216
497216
493264
487008
449744
459952
492592
502896
516560
508768
508768
519536
531392
543632
554192
546592
554320
554320
554320
566832
578752
586000
594448
598224
600864
600864
600864
609840
622144
628880
640992
647760
647792
647792
647792
663328
672784
676672
696192
680192
680192
680192
680192
697392
705184
707632
727424
718864
718864
718864
718864
736336
744368
746480
766160
751824
751520
751520
751520
764128
758480
880880
887072
905728
903536
903536
903536
903536
916624
918880
921952
930128
921824
928080
928080
928080
935984
947184
951328
906736
931840
934096
934096
934096
920624
938656
939312
946048
976704
968832
968832
968832
974864
964288
930544
940304
953264
962800
962928
957968
962784
977056
965648
968160
952560
978064
978064
970160
977232
991600
996240
999360
1019984
1011904
1011904
1011904
1016464
995472
1005552
1011392
1016688
1025328
1031392
1031408
1031408
1043072
1041776
1087216
1061120
1063632
1065248
1066064
1066256
1067952
1068832
1065376
1065936
1066208
1066896
1066896
1066896
1066896
1068896
1068896
1069152
1069152
1069152
1070848
1070848
1070880
1070896
1071072
1071152
1071152
1071296
1071344
1071360
1071360
1071360
1071392
1072256
1073312
1072304
1072752
1072752
1073776
1072352
1072528
1072656
1075296
1073824
1072864
1072896
1073392
1072400
1072448
1072512
1072608
1072672
1072672
1072704
1073136
1073200
1073248
1073248
1050432
1050480
1050512
1033584
1034080
1034080
1034080
1034096
1034096
1034160
1021120
1021200
1021232
1021296
1026048
1023520
1023552
1023600
1023600
1023616
1023616
1023696
1024576
1023616
1023632
1023664
1023712
1000272
955136
955136
906848
907968
908480
908768
908800
908880
908928
909040
909248
909440
909504
909840
909952
910048
910288
910480
910576
910720
910784
909680
909776
909856
909952
910032
910112
910256
910880
910112
910160
910272
910416
916640
911904
912240
914448
912496
912560
912608
910064
910320
910768
910800
879760
881984
882400
881792
806176
788608
790224
767776
777328
781088
770528
773216
775344
779248
784608
758064
761936
762496
762528
762528
762944
772992
770192
772160
774160
776880
780544
783312
787376
773296
776128
781824
785296
789328
774640
774224
777232
778960
780688
778240
741776
734608
736368
741360
743136
746304
750304
742224
745472
748352
752576
756368
795264
774704
723088
