 12512
 42256
 59392
118288
151376
151376
138576
151536
163792
173856
178704
158720
158720
158720
153200
156304
156816
171200
239392
239392
239392
257856
289488
294576
293888
293904
293904
293904
304608
313504
313872
338384
340736
340736
339184
339184
344544
297296
311136
337168
352048
339584
339584
351824
343840
357776
385024
389824
389824
389136
392288
406048
408288
426144
419632
419632
419632
424144
435680
439664
459712
451520
451520
451520
451520
461552
470384
470400
455792
470816
470816
470816
473952
447824
524240
527904
539872
540176
540176
532144
543808
544368
536128
540976
499600
502816
502816
490048
500448
505760
512896
526608
526608
526592
526592
542336
552400
565760
562752
572992
572992
572992
582432
594640
587168
610112
595088
564224
564224
572240
578448
578432
596640
602752
602752
602752
560864
524832
522192
537024
531360
584336
576912
576912
567584
518992
483376
515248
526480
530880
577024
576608
576608
585856
610016
610512
627200
635616
639488
639488
639488
651472
757904
755328
762432
786752
836384
836384
836384
827936
825664
842736
831328
820592
749792
740304
740192
750944
765808
779712
804432
824544
821888
821888
822720
842512
841440
844992
845120
861136
861136
861136
872688
887504
891968
925504
912352
912336
912336
899664
915744
909904
887584
900544
884880
876080
876080
821168
787984
810016
814272
815312
772912
774624
753584
756752
742512
743904
745984
748416
746848
747888
684064
662144
643664
632352
634736
629696
634128
629312
620928
613856
607152
613488
613696
612256
615568
612000
616112
619840
623888
629040
633376
630656
634544
622864
627264
630304
634912
617920
609632
613072
616304
619472
623904
627296
631008
620576
623728
627920
632112
634912
637968
635792
636928
638656
641728
644112
627360
628896
632384
631408
635328
638288
639488
641968
645328
648240
650960
639456
643456
646032
648640
629760
631552
633792
633792
591088
496736
457648
460288
463056
463088
463088
463088
453840
448560
444112
519056
535088
535184
535792
535792
537232
537424
537424
537424
543776
546048
549888
549888
549904
549904
558256
558912
567440
572464
578304
581776
586912
592208
587184
591792
596176
590304
594000
598080
602480
589744
578464
586864
588992
593760
599264
603376
607072
610528
613760
614848
614848
614848
604336
607760
612544
665856
670096
651952
