 12432
 35904
 69104
114848
154672
154672
154672
163776
177360
184224
205600
219888
219888
219888
227792
213264
173952
184208
199184
230224
227520
227520
228000
221792
227568
232096
225952
245872
245872
245872
237344
252896
265440
236944
247104
302768
302768
295488
299616
316576
320912
327664
361008
367184
367184
367184
382208
360832
363760
381984
391984
392512
392512
377584
397024
402992
410704
436352
425232
425232
425232
429760
445536
447632
448272
468288
449120
449120
449120
456768
473488
512576
512896
530416
521744
521744
521744
514592
531984
535728
538832
544960
549840
550528
550528
550528
562112
571584
575008
585248
564432
569024
569024
569024
580800
589632
598592
609328
609280
613968
613968
613968
629408
635696
643296
661792
652256
652256
652256
654032
663920
649120
651648
674336
652880
652880
652880
657280
672784
679872
681744
706848
694912
691600
691600
696768
713104
718592
721776
744944
696432
650784
638928
651952
669104
826544
830672
844512
840336
798240
801712
801712
801552
802960
812000
794352
795168
822144
801056
801056
801056
811744
823328
834944
828352
865184
850864
850864
850864
845744
864352
871408
844944
858688
893376
893376
893376
900784
906144
902112
906096
915312
924000
923024
900480
900912
921584
864480
875024
849504
861584
861584
861584
861584
875360
862768
870848
871504
882608
882672
882672
882672
899552
913136
922400
933728
914288
926576
926576
926576
934800
945184
989376
978704
979296
960800
962608
945792
946688
947248
948640
949472
949840
950048
953536
953904
954432
954928
955264
955392
955536
955888
957072
955536
955824
957216
959504
947648
947824
947952
948224
948544
948704
948976
949376
949632
951056
952896
953120
918560
917984
918288
918768
918848
919184
920688
922800
925552
924528
924688
924896
925088
925264
925440
925584
926032
926256
926512
926800
927056
903456
903456
904560
904656
904656
876016
876016
870000
868112
869264
869264
862432
860176
858656
854176
855216
856336
856336
856592
856560
841040
841520
836272
837664
838528
840784
841744
844416
844704
847904
845376
846368
847152
847584
847648
825488
805904
808608
812736
789136
682576
